env[0,0] => (
    map => (
            (0, (0, (0, (0, (0, (0, (0, (0, (0, (0, (0, (0, (0, (0, (0, (0, (0, (0, (0, (0, (0, (0, (0, 0))))))))))))))))))))))),
            (
                (0, (2, (2, (2, (2, (2, (2, (2, (2, (2, (2, (0, (2, (2, (2, (2, (2, (2, (2, (2, (2, (2, (0, 0))))))))))))))))))))))),
                (
                    (0, (2, (0, (0, (0, (2, (0, (0, (0, (0, (2, (0, (2, (0, (0, (0, (0, (2, (0, (0, (0, (2, (0, 0))))))))))))))))))))))),
                    (
                        (0, (3, (0, (0, (0, (2, (0, (0, (0, (0, (2, (0, (2, (0, (0, (0, (0, (2, (0, (0, (0, (3, (0, 0))))))))))))))))))))))),
                            (
                                (0, (2, (2, (2, (2, (2, (2, (2, (2, (2, (2, (2, (2, (2, (2, (2, (2, (2, (2, (2, (2, (2, (0, 0))))))))))))))))))))))),
                                (
                                    (0, (2, (0, (0, (0, (2, (0, (2, (0, (0, (0, (0, (0, (0, (0, (2, (0, (2, (0, (0, (0, (2, (0, 0))))))))))))))))))))))),
                                        (
                                            (0, (2, (2, (2, (2, (2, (0, (2, (2, (2, (2, (0, (2, (2, (2, (2, (0, (2, (2, (2, (2, (2, (0, 0))))))))))))))))))))))),
                                            (
                                                (0, (0, (0, (0, (0, (2, (0, (0, (0, (0, (1, (0, (1, (0, (0, (0, (0, (2, (0, (0, (0, (0, (0, 0))))))))))))))))))))))),
                                                (
                                                    (0, (1, (1, (1, (0, (2, (0, (1, (1, (1, (1, (6, (1, (1, (1, (1, (0, (2, (0, (1, (1, (1, (0, 0))))))))))))))))))))))),
                                                    (
                                                        (0, (0, (0, (0, (0, (2, (0, (1, (0, (0, (0, (1, (0, (0, (0, (1, (0, (2, (0, (0, (0, (0, (0, 0))))))))))))))))))))))),
                                                        (
                                                            (0, (1, (1, (1, (1, (2, (1, (1, (0, (1, (6, (6, (6, (1, (0, (1, (1, (2, (1, (1, (1, (1, (0, 0))))))))))))))))))))))),
                                                            (
                                                                (0, (0, (0, (0, (0, (2, (0, (1, (0, (0, (0, (0, (0, (0, (0, (1, (0, (2, (0, (0, (0, (0, (0, 0))))))))))))))))))))))),
                                                                (
                                                                    (0, (1, (1, (1, (0, (2, (0, (1, (1, (1, (1, (4, (1, (1, (1, (1, (0, (2, (0, (1, (1, (1, (0, 0))))))))))))))))))))))),
                                                                    (
                                                                        (0, (0, (0, (0, (0, (2, (0, (1, (0, (0, (0, (0, (0, (0, (0, (1, (0, (2, (0, (0, (0, (0, (0, 0))))))))))))))))))))))),
                                                                        (
                                                                            (0, (2, (2, (2, (2, (2, (2, (2, (2, (2, (2, (0, (2, (2, (2, (2, (2, (2, (2, (2, (2, (2, (0, 0))))))))))))))))))))))),
                                                                            (
                                                                                (0, (2, (0, (0, (0, (2, (0, (0, (0, (0, (2, (0, (2, (0, (0, (0, (0, (2, (0, (0, (0, (2, (0, 0))))))))))))))))))))))),
                                                                                (
                                                                                    (0, (3, (2, (2, (0, (2, (2, (2, (2, (2, (2, (5, (2, (2, (2, (2, (2, (2, (0, (2, (2, (3, (0, 0))))))))))))))))))))))),
                                                                                    (
                                                                                        (0, (0, (0, (2, (0, (2, (0, (2, (0, (0, (0, (0, (0, (0, (0, (2, (0, (2, (0, (2, (0, (0, (0, 0))))))))))))))))))))))),
                                                                                        (
                                                                                            (0, (2, (2, (2, (2, (2, (0, (2, (2, (2, (2, (0, (2, (2, (2, (2, (0, (2, (2, (2, (2, (2, (0, 0))))))))))))))))))))))),
                                                                                            (
                                                                                                (0, (2, (0, (0, (0, (0, (0, (0, (0, (0, (2, (0, (2, (0, (0, (0, (0, (0, (0, (0, (0, (2, (0, 0))))))))))))))))))))))),
                                                                                                (
                                                                                                    (0, (2, (2, (2, (2, (2, (2, (2, (2, (2, (2, (2, (2, (2, (2, (2, (2, (2, (2, (2, (2, (2, (0, 0))))))))))))))))))))))),
                                                                                                    (
                                                                                                        (0, (0, (0, (0, (0, (0, (0, (0, (0, (0, (0, (0, (0, (0, (0, (0, (0, (0, (0, (0, (0, (0, (0, 0))))))))))))))))))))))),
                                                                                                        0
                                                                                                    )
                                                                                                )
                                                                                            )
                                                                                        )
                                                                                    )
                                                                                )
                                                                            )
                                                                        )
                                                                    )
                                                                )
                                                            )
                                                        )
                                                    )
                                                )
                                            )
                                        )
                                    )
                                )
                            )
                        )
                    )
                ),
                (
                    lambda-man => (0, ((11, 16), (2, (3, 0)))),
                    (
                        ghosts =>(
                                (0, ((11, 8), 2)),
                                (
                                    (0, ((10, 10), 2)),
                                    (
                                        (0, ((11, 10), 2)),
                                        (
                                            (0, ((12, 10), 2)),
                                            0
                                        )
                                    )
                                )
                            ),
                        fruit => 0
                    )
                )
)
